# Tetrahedron method
       -1.4674824668        0.0000000000
       -1.3795221680        0.0000000000
       -1.2915618691        0.0000000000
       -1.2036015702        0.0000000000
       -1.1156412713        0.0000000000
       -1.0276809724        0.0000000000
       -0.9397206735        0.0000000000
       -0.8517603746        0.0000000000
       -0.7638000757        0.0000000000
       -0.6758397768        0.0000000000
       -0.5878794780        0.0000000000
       -0.4999191791        0.0000000000
       -0.4119588802        0.0000000000
       -0.3239985813        0.0000000000
       -0.2360382824        0.0000000000
       -0.1480779835        0.0000000000
       -0.0601176846        0.0000000000
        0.0278426143        0.0000067274
        0.1158029131        0.0001076384
        0.2037632120        0.0003296427
        0.2917235109        0.0006727403
        0.3796838098        0.0011369311
        0.4676441087        0.0023597656
        0.5556044076        0.0036454749
        0.6435647065        0.0047582342
        0.7315250054        0.0062206857
        0.8194853042        0.0080781961
        0.9074456031        0.0099682117
        0.9954059020        0.0120355931
        1.0833662009        0.0145933652
        1.1713264998        0.0170447510
        1.2592867987        0.0196975629
        1.3472470976        0.0228739149
        1.4352073965        0.0260053060
        1.5231676953        0.0292072934
        1.6111279942        0.0328820516
        1.6990882931        0.0368857811
        1.7870485920        0.0409370160
        1.8750088909        0.0452911633
        1.9629691898        0.0501391960
        2.0509294887        0.0550214488
        2.1388897876        0.0599251498
        2.2268500865        0.0655481788
        2.3148103853        0.0712919283
        2.4027706842        0.0774145224
        2.4907309831        0.0839070147
        2.5786912820        0.0907245692
        2.6666515809        0.0977368105
        2.7546118798        0.1057609565
        2.8425721787        0.1140507333
        2.9305324776        0.1220211918
        3.0184927764        0.1308052630
        3.1064530753        0.1408732656
        3.1944133742        0.1512354166
        3.2823736731        0.1621511668
        3.3703339720        0.1735393174
        3.4582942709        0.1859381610
        3.5462545698        0.1994477993
        3.6342148687        0.2142560473
        3.7221751675        0.2301561311
        3.8101354664        0.2467478152
        3.8980957653        0.2659738035
        3.9860560642        0.2874754067
        4.0740163631        0.3120762521
        4.1619766620        0.3410525409
        4.2499369609        0.3763980959
        4.3378972598        0.4226902135
        4.4258575586        0.5256579710
        4.5138178575        0.5307033114
        4.6017781564        0.5358004660
        4.6897384553        0.5375297834
        4.7776987542        0.5387788781
        4.8656590531        0.5443564765
        4.9536193520        0.5456709943
        5.0415796509        0.5492280683
        5.1295399497        0.5498712732
        5.2175002486        0.5530633109
        5.3054605475        0.5535248775
        5.3934208464        0.5575175953
        5.4813811453        0.5567593807
        5.5693414442        0.5598852862
        5.6573017431        0.5609333292
        5.7452620420        0.5624808413
        5.8332223409        0.5640607685
        5.9211826397        0.5635835879
        6.0091429386        0.5664847577
        6.0971032375        0.5667713152
        6.1850635364        0.5682319654
        6.2730238353        0.5226905512
        6.3609841342        0.4551457978
        6.4489444331        0.4215524307
        6.5369047320        0.3995697621
        6.6248650308        0.3813989498
        6.7128253297        0.3649871816
        6.8007856286        0.3508625826
        6.8887459275        0.3447870081
        6.9767062264        0.3434832446
        7.0646665253        0.3322471338
        7.1526268242        0.3359404456
        7.2405871231        0.3431621309
        7.3285474219        0.3559574622
        7.4165077208        0.3685833904
        7.5044680197        0.3770207824
        7.5924283186        0.3910342692
        7.6803886175        0.3928565953
        7.7683489164        0.3293830807
        7.8563092153        0.2640210003
        7.9442695142        0.2204831717
        8.0322298130        0.1789346070
        8.1201901119        0.1359117720
        8.2081504108        0.0704046178
        8.2961107097        0.0734836260
        8.3840710086        0.0765153393
        8.4720313075        0.0794917782
        8.5599916064        0.0825977996
        8.6479519053        0.0866174181
        8.7359122042        0.0905476596
        8.8238725030        0.0944321525
        8.9118328019        0.0982817914
        8.9997931008        0.1029335149
        9.0877533997        0.1079435841
        9.1757136986        0.1130004594
        9.2636739975        0.1179094174
        9.3516342964        0.1236866608
        9.4395945953        0.1302612379
        9.5275548941        0.1366089969
        9.6155151930        0.1430351853
        9.7034754919        0.1510843798
        9.7914357908        0.1594018923
        9.8793960897        0.1676411045
        9.9673563886        0.1770517193
       10.0553166875        0.1878708957
       10.1432769864        0.1987596017
       10.2312372852        0.2107380281
       10.3191975841        0.2250796630
       10.4071578830        0.2397297606
       10.4951181819        0.2567333597
       10.5830784808        0.2767425615
       10.6710387797        0.2988358028
       10.7589990786        0.3262572712
       10.8469593775        0.3600509489
       10.9349196763        0.4036215259
       11.0228799752        0.4704706499
       11.1108402741        0.6026448786
       11.1988005730        0.6986436912
       11.2867608719        0.4863903795
       11.3747211708        0.3953578938
       11.4626814697        0.3333832617
       11.5506417686        0.2773184126
       11.6386020674        0.1821994710
       11.7265623663        0.1582957011
       11.8145226652        0.1278593767
       11.9024829641        0.1117001902
       11.9904432630        0.1041072046
       12.0784035619        0.1198036794
       12.1663638608        0.1408973829
       12.2543241597        0.1817205478
       12.3422844586        0.2484875479
       12.4302447574        0.3755805897
       12.5182050563        0.4798850098
       12.6061653552        0.5036650162
       12.6941256541        0.5114405098
       12.7820859530        0.5247221991
       12.8700462519        0.5258398027
       12.9580065508        0.5319332869
       13.0459668497        0.5295355335
       13.1339271485        0.5329701110
       13.2218874474        0.5309703450
       13.3098477463        0.4779920105
       13.3978080452        0.4682425226
       13.4857683441        0.5680241743
       13.5737286430        0.8056380159
       13.6616889419        1.0766474793
       13.7496492408        1.4514410943
       13.8376095396        2.1547810641
       13.9255698385        3.0122428965
       14.0135301374        2.4046977552
       14.1014904363        2.2807184756
       14.1894507352        2.8982620760
       14.2774110341        5.3389109358
       14.3653713330        2.9373870116
       14.4533316319        1.5041221004
       14.5412919307        0.8934367337
       14.6292522296        0.4484007337
       14.7172125285        0.0000000000
       14.8051728274        0.0000000000
       14.8931331263        0.0000000000
       14.9810934252        0.0000000000
       15.0690537241        0.0000000000
       15.1570140230        0.0000000000
       15.2449743219        0.0000000000
       15.3329346207        0.0000000000
       15.4208949196        0.0000000000
       15.5088552185        0.0000000000
       15.5968155174        0.0000000000
       15.6847758163        0.0000000000
       15.7727361152        0.0000000000
       15.8606964141        0.0000000000
       15.9486567130        0.0000000000
       16.0366170118        0.0000000000
       16.1245773107        0.0000000000
